tree
version=v4
num_class=1
num_tree_per_iteration=1
label_index=0
max_feature_idx=7
objective=lambdarank
feature_names=user_interaction_count user_days_active user_days_since_last_interaction item_popularity_all_time item_popularity_30d item_popularity_7d item_age_days user_genre_affinity
feature_infos=[1:95] [0:0.0013657407407407407] [1.1574074074074073e-05:2.3148148148148147e-05] [0:5] [0:5] [0:5] [0:1.3888194444444444] [0:1]
tree_sizes=1736 1738 1738 1735 1744 1736 1736 1738 1736 1737 1746 1743 1740 1742 1739 1746 1749 1737 1736 1736 1739 1746 1739 1752 1757 1741 1716 1758 1725 1734 1753 1725 1716 1754 1715 1752 1734 1730 1743 1725

Tree=0
num_leaves=15
num_cat=0
split_feature=6 6 6 6 6 6 6 3 3 7 6 6 6 7
split_gain=28.1349 183.241 182.135 171.956 169.227 162.262 124.625 121.588 106.907 62.2992 46.0832 6.71139 15.063 5.58294
threshold=0.011568287037037038 0.011579861111111112 0.023142361111111114 0.023153935185185191 0.034716435185185197 0.034728009259259264 0.046290509259259267 1.0000000180025095e-35 3.5000000000000004 0.69946236559139796 1.377146990740741 1.1572743055555559 1.1567997685185187 0.37648373132244106
decision_type=2 2 2 2 2 2 2 2 2 2 2 2 2 2
left_child=7 -2 -3 -4 -5 -6 -7 13 -8 10 -10 12 -11 -1
right_child=1 2 3 4 5 6 8 -9 9 11 -12 -13 -14 -15
leaf_value=0.032662080030199478 0.097940054577156557 -0.097846394275989179 0.097808654257817734 -0.097680078728972414 0.097659348167033921 -0.097054965695881026 0.096449942446091522 -0.097274209571491591 -0.090278324665720111 0.036133787077469552 0.05565944103522983 0.040336070044590881 -0.078100330124674155 0.0025130266536164546
leaf_weight=17.307669315487146 47.544975459575653 45.433754742145538 44.634058594703674 42.104911036789417 41.723141729831696 32.955461863428354 27.168557405471802 35.6866061873734 29.247988563030958 6.8621600456535798 5.8759441412985316 25.986371792852879 3.5662788785994053 96.520458295941353
leaf_count=127 49 929 46 872 43 670 28 751 560 47 29 182 73 1033
internal_value=-5.17276e-09 0.00769724 -0.00661824 0.00962948 -0.00900227 0.0129688 -0.0144029 -0.0181087 0.0138888 -0.0183632 -0.0649992 0.0271546 -0.00634717 0.00734174
internal_weight=502.618 353.104 305.559 260.125 215.491 173.386 131.663 149.515 98.7073 71.5387 35.1239 36.4148 10.4284 113.828
internal_count=5439 3528 3479 2550 2504 1632 1589 1911 919 891 589 302 120 1160
is_linear=0
shrinkage=0.05


Tree=1
num_leaves=15
num_cat=0
split_feature=6 6 6 6 6 6 6 6 3 3 7 7 3 7
split_gain=38.7988 29.0035 279.549 259.429 253.293 230.885 242.781 152.814 173.811 139.664 71.9336 21.7969 19.9219 11.6056
threshold=1.3887326388888892 0.011568287037037038 0.011579861111111112 0.023142361111111114 0.023153935185185191 0.034716435185185197 0.034728009259259264 0.046290509259259267 3.5000000000000004 1.0000000180025095e-35 0.74841772151898744 0.37648373132244106 4.5000000000000009 0.4099474822366389
decision_type=2 2 2 2 2 2 2 2 2 2 2 2 2 2
left_child=1 9 -3 -4 -5 -6 -7 -8 -9 11 12 -1 -10 -13
right_child=-2 2 3 4 5 6 7 8 10 -11 -12 13 -14 -15
leaf_value=0.036260933049987946 0.085814416516825393 0.090841290155690937 -0.090211254671518748 0.089923650314331971 -0.089887158554657842 0.089895478414311572 -0.089480014558943513 0.089421351071911778 -0.084742651640883349 -0.090392575419721899 0.0026433453558267154 -0.063313264423463855 0.043214423826183873 -0.002637938571269963
leaf_weight=36.647513065487146 11.987761691212652 81.246782541275024 80.653710585087538 74.948184132575989 72.191862437874079 70.135376334190369 52.877645395696163 45.849125385284424 39.336192780174315 48.807873722165823 91.427029574289918 7.1898981966078273 2.6941045671701422 212.64287796802819
leaf_count=127 8 49 929 46 872 43 670 28 596 751 280 58 7 975
internal_value=2.74297e-10 -0.00121456 0.00507005 -0.0082218 0.00665848 -0.0101999 0.00906255 -0.0156353 0.00651708 -0.0137754 -0.0224178 0.00109922 -0.075727 -0.00490011
internal_weight=928.636 916.648 611.36 530.113 449.46 374.511 302.319 232.184 179.306 305.288 133.457 256.48 42.0303 219.833
internal_count=5439 5431 3520 3471 2542 2496 1624 1581 911 1911 883 1160 603 1033
is_linear=0
shrinkage=0.05


Tree=2
num_leaves=15
num_cat=0
split_feature=6 6 6 6 6 6 6 6 6 6 6 3 3 6
split_gain=27.8391 38.8846 37.6774 58.2162 30.9488 201.017 215.195 174.671 195.996 159.622 143.551 106.104 102.824 67.0587
threshold=1.377146990740741 1.376059027777778 1.2730266203703706 1.2724826388888892 0.011568287037037038 0.011579861111111112 0.023142361111111114 0.023153935185185191 0.034716435185185197 0.034728009259259264 0.046290509259259267 1.0000000180025095e-35 3.5000000000000004 1.1572743055555559
decision_type=2 2 2 2 2 2 2 2 2 2 2 2 2 2
left_child=1 2 3 4 11 -6 -7 -8 -9 -10 -11 -1 -12 -14
right_child=-2 -3 -4 -5 5 6 7 8 9 10 12 -13 13 -15
leaf_value=0.00015609771520241227 0.057893110720489353 -0.08631870303451665 0.08204756908909136 -0.09371016748796171 0.084485860536638313 -0.08349140003070285 0.083108263642503385 -0.083051893887244779 0.083082924878805614 -0.08267216601369072 0.08260091190759361 -0.083974009566146729 -0.052454764726542896 0.040938614834558941
leaf_weight=253.81742983451113 19.276788957417011 12.266608192585407 12.748928191140292 15.735941833816467 72.502394080162048 71.595311658456922 66.914175152778625 63.284907918423414 62.603752613067627 47.35802336037159 40.887826800346375 42.968824990093708 46.072915140772238 31.551674601621926
leaf_count=1160 36 150 10 115 49 929 46 872 43 670 28 751 480 100
internal_value=-1.79469e-09 -0.00139531 -3.46563e-05 -0.00141714 0.000514055 0.00806714 -0.00497583 0.0108853 -0.0059061 0.0157313 -0.0100345 -0.0122654 0.0194406 -0.0144558
internal_weight=859.586 840.309 828.042 815.293 799.557 502.771 430.269 358.673 291.759 228.474 165.87 296.786 118.512 77.6246
internal_count=5439 5403 5253 5243 5128 3217 3168 2239 2193 1321 1278 1911 608 580
is_linear=0
shrinkage=0.05


Tree=3
num_leaves=15
num_cat=0
split_feature=6 6 6 6 6 6 6 3 3 6 7 7 7 6
split_gain=27.482 166.205 159.789 147.498 151.992 138.188 107.628 93.9368 92.2787 36.2359 21.5575 19.3726 15.3413 14.7697
threshold=0.011568287037037038 0.011579861111111112 0.023142361111111114 0.023153935185185191 0.034716435185185197 0.034728009259259264 0.046290509259259267 3.5000000000000004 1.0000000180025095e-35 1.1572743055555559 0.4152394775036285 0.74841772151898744 0.43353413654618483 1.3887326388888892
decision_type=2 2 2 2 2 2 2 2 2 2 2 2 2 2
left_child=8 -2 -3 -4 -5 -6 -7 -8 10 11 -1 -9 -12 -11
right_child=1 2 3 4 5 6 7 9 -10 13 12 -13 -14 -15
leaf_value=0.031360491107843995 0.079578251261426258 -0.078162448099268617 0.077829679822805573 -0.07777781275435619 0.077866870672382751 -0.07739964700071289 0.077629828265644352 -0.078826579331552071 -0.078947299932418252 9.1810092570119447e-05 -0.08339224050065791 -0.01184180720400067 -0.0046972902168633587 0.061792506976247885
leaf_weight=43.01589603186585 67.396867275238037 61.653465542942286 62.106212019920349 58.694262024015188 58.154199361801147 43.822211403399706 38.109970331192017 22.43318611336872 42.958205576986074 64.586575836874545 5.3930535353720179 20.7789735654369 205.61259671603329 10.413657486438749
leaf_count=193 49 929 46 872 43 670 28 374 751 403 46 106 921 8
internal_value=-1.10132e-09 0.00705818 -0.00418612 0.00801874 -0.00586057 0.0107184 -0.00908244 0.0104393 -0.0120601 -0.0116914 -0.00048345 -0.0476127 -0.0070925 0.00935918
internal_weight=805.129 508.15 440.753 379.099 316.993 258.299 200.145 156.322 296.98 118.212 254.022 43.2122 211.006 75.0002
internal_count=5439 3528 3479 2550 2504 1632 1589 919 1911 891 1160 480 967 411
is_linear=0
shrinkage=0.05


Tree=4
num_leaves=15
num_cat=0
split_feature=6 6 6 6 6 6 6 3 3 6 7 6 7 7
split_gain=23.095 141.229 134.216 124.086 127.758 116.209 90.6959 78.6095 76.7606 32.0181 15.2886 13.5413 12.6025 19.7426
threshold=0.011568287037037038 0.011579861111111112 0.023142361111111114 0.023153935185185191 0.034716435185185197 0.034728009259259264 0.046290509259259267 3.5000000000000004 1.0000000180025095e-35 1.1572743055555559 0.74841772151898744 1.1567997685185187 0.51266025641025648 0.55028089887640463
decision_type=2 2 2 2 2 2 2 2 2 2 2 2 2 2
left_child=8 -2 -3 -4 -5 -6 -7 -8 12 10 -9 -12 -1 -14
right_child=1 2 3 4 5 6 7 9 -10 -11 11 -13 13 -15
leaf_value=0.010174610577366544 0.075613877102803331 -0.073983757939537459 0.073620830324697503 -0.073572065797273795 0.07364671379686423 -0.073197533361831463 0.073336343992276426 -0.074604467093768542 -0.074813968740466627 0.009216306818651104 0.0093790522008169799 -0.078115122510123147 -0.056592948189664594 -0.0030897205026334269
leaf_weight=127.58718434930779 63.413051605224609 57.768616114743054 58.305611252784729 55.13538159057498 54.598004937171936 41.216661643236876 35.767950654029846 20.635529725812376 39.716845530085266 74.403074213303626 16.102394022978846 5.0089755468070498 19.830909859389067 100.85647915466689
leaf_count=566 49 929 46 872 43 670 28 374 751 411 39 67 136 458
internal_value=-7.87525e-11 0.00668547 -0.00390307 0.00747944 -0.00545392 0.0099413 -0.00835444 0.00960169 -0.0111818 -0.0104836 -0.0449879 -0.0139742 -0.000743221 -0.012274
internal_weight=770.347 482.355 418.942 361.174 302.868 247.733 193.135 151.918 287.991 116.15 41.7469 21.1114 248.275 120.687
internal_count=5439 3528 3479 2550 2504 1632 1589 919 1911 891 480 106 1160 594
is_linear=0
shrinkage=0.05


Tree=5
num_leaves=15
num_cat=0
split_feature=6 6 6 6 6 6 6 3 3 6 7 6 7 7
split_gain=21.2696 122.298 115.065 106.378 109.441 99.6162 77.8246 67.1753 66.8637 26.7327 13.599 12.6555 20.1867 11.3433
threshold=0.011568287037037038 0.011579861111111112 0.023142361111111114 0.023153935185185191 0.034716435185185197 0.034728009259259264 0.046290509259259267 3.5000000000000004 1.0000000180025095e-35 1.1572743055555559 0.74841772151898744 1.3887326388888892 0.77557148392096098 0.81438415159345401
decision_type=2 2 2 2 2 2 2 2 2 2 2 2 2 2
left_child=8 -2 -3 -4 -5 -6 -7 -8 -1 10 -9 12 -11 -12
right_child=1 2 3 4 5 6 7 9 -10 11 13 -13 -14 -15
leaf_value=-0.00058937961536773139 0.072369610207055401 -0.070584301459197724 0.070191851676336292 -0.070145139293481401 0.070208656412886844 -0.069770064053138334 0.069838995027327586 -0.071121115686917286 -0.071770699943821875 -0.050085338150818441 0.048687806572580428 0.057135171681720276 0.015050481570575994 -0.033085573562240116
leaf_weight=210.47195898555219 59.910933017730713 54.387769122608006 54.908817410469055 51.946115758270025 51.427256941795349 38.867965668439865 33.69729471206665 19.366653641685843 38.127593484707177 14.597779567353426 4.7518679462373266 10.2333527803421 49.10822425968945 15.470981957390904
leaf_count=1160 49 929 46 872 43 670 28 374 751 231 10 8 172 96
internal_value=4.96874e-10 0.00638027 -0.0036903 0.00704814 -0.00512995 0.00932339 -0.00778763 0.00893615 -0.0117502 -0.0095928 -0.042213 0.00820333 -0.00041831 -0.0124821
internal_weight=707.275 458.675 398.764 344.376 289.467 237.521 186.094 147.226 248.6 113.529 39.5895 73.9394 63.706 20.2228
internal_count=5439 3528 3479 2550 2504 1632 1589 919 1911 891 480 411 403 106
is_linear=0
shrinkage=0.05


Tree=6
num_leaves=15
num_cat=0
split_feature=6 6 6 6 6 6 6 3 3 6 7 6 6 6
split_gain=18.3426 107.276 99.7763 92.3263 94.9732 86.4676 67.6115 58.1948 57.6206 23.4836 38.2351 9.64458 18.5718 12.3058
threshold=0.011568287037037038 0.011579861111111112 0.023142361111111114 0.023153935185185191 0.034716435185185197 0.034728009259259264 0.046290509259259267 3.5000000000000004 1.0000000180025095e-35 1.377146990740741 0.74841772151898744 1.376059027777778 1.2730266203703706 1.2724826388888892
decision_type=2 2 2 2 2 2 2 2 2 2 2 2 2 2
left_child=8 -2 -3 -4 -5 -6 -7 -8 -1 10 -9 12 13 -12
right_child=1 2 3 4 5 6 7 9 -10 -11 11 -13 -14 -15
leaf_value=-0.00082957041273516599 0.069697620042117756 -0.067749155826661397 0.067348354809756872 -0.067303749233335056 0.067358577194707767 -0.066924447801335121 0.06693649151961753 -0.066224883376277272 -0.068938658251528492 0.043559249936080686 0.0036123169688089558 -0.068672242975543529 0.067903892310666181 -0.075746902986962183
leaf_weight=210.36659619398415 56.660565257072449 51.141035001724958 51.696828961372375 48.927807843312621 48.434269666671753 36.63822590559721 31.750670671463013 28.37411192804575 35.436219787225127 16.885358925908804 46.039746010676026 3.4187138229608527 9.6333174407482129 4.4552714880555859
leaf_count=1160 49 929 46 872 43 670 28 579 751 36 158 42 8 68
internal_value=3.40256e-11 0.00617669 -0.00351906 0.00672539 -0.00489237 0.00887879 -0.00739426 0.00848628 -0.0108881 -0.00902425 -0.0190483 0.0027159 0.00783182 -0.00472468
internal_weight=679.859 434.056 377.395 326.254 274.557 225.63 177.195 140.557 245.803 108.807 91.9212 63.547 60.1283 50.495
internal_count=5439 3528 3479 2550 2504 1632 1589 919 1911 891 855 276 234 226
is_linear=0
shrinkage=0.05


Tree=7
num_leaves=15
num_cat=0
split_feature=6 6 6 6 6 6 6 3 3 6 7 6 6 7
split_gain=15.9383 94.9544 87.2837 80.8422 83.1121 75.7439 59.218 50.9353 50.2507 21.5363 9.77577 13.2563 8.85702 14.883
threshold=0.011568287037037038 0.011579861111111112 0.023142361111111114 0.023153935185185191 0.034716435185185197 0.034728009259259264 0.046290509259259267 3.5000000000000004 1.0000000180025095e-35 1.1572743055555559 0.74841772151898744 1.1567997685185187 1.3887326388888892 0.77557148392096098
decision_type=2 2 2 2 2 2 2 2 2 2 2 2 2 2
left_child=8 -2 -3 -4 -5 -6 -7 -8 -1 10 -9 -12 13 -11
right_child=1 2 3 4 5 6 7 9 -10 12 11 -13 -14 -15
leaf_value=-0.0009988589223469469 0.067450092115417609 -0.065364088038179155 0.064957202722832161 -0.064913407362339984 0.06496336622542874 -0.064525571125344836 0.064502576884519519 -0.065838668283666718 -0.066537708668412368 -0.042879135707089934 0.015147631927602002 -0.074985302119773209 0.04903517195810364 0.013873236552824157
leaf_weight=210.22935591079295 53.543810129165649 48.019139278680086 48.586573481559753 46.00017105974257 45.540850400924683 34.468162905424833 29.880244255065918 17.22294692043215 32.979667519684881 14.28766476176679 12.626426457893105 4.8603750970214596 9.8635203838348371 46.277600722387433
leaf_count=1160 49 929 46 872 43 670 28 374 751 231 39 67 8 172
internal_value=-3.39235e-10 0.00599722 -0.00336574 0.00642927 -0.00467119 0.00845706 -0.00701808 0.00802913 -0.0101221 -0.00847706 -0.0401237 -0.0126054 0.0074629 6.03403e-06
internal_weight=654.387 411.177 357.634 309.615 261.028 215.028 169.487 135.019 243.209 105.139 34.7097 17.4868 70.4288 60.5653
internal_count=5439 3528 3479 2550 2504 1632 1589 919 1911 891 480 106 411 403
is_linear=0
shrinkage=0.05


Tree=8
num_leaves=15
num_cat=0
split_feature=6 6 6 6 6 6 6 3 3 6 7 7 6 6
split_gain=13.9144 84.6199 76.8325 71.2401 73.1635 66.7678 52.1918 44.823 44.2116 19.473 8.8484 8.93893 8.06664 18.8645
threshold=0.011568287037037038 0.011579861111111112 0.023142361111111114 0.023153935185185191 0.034716435185185197 0.034728009259259264 0.046290509259259267 3.5000000000000004 1.0000000180025095e-35 1.1572743055555559 0.74841772151898744 0.81438415159345401 1.377146990740741 1.376059027777778
decision_type=2 2 2 2 2 2 2 2 2 2 2 2 2 2
left_child=8 -2 -3 -4 -5 -6 -7 -8 -1 10 -9 -12 13 -11
right_child=1 2 3 4 5 6 7 9 -10 12 11 -13 -14 -15
leaf_value=-0.0011192061325435117 0.065539853271646714 -0.063334658835700233 0.062922188054291769 -0.062877613406288821 0.062920712314020341 -0.062477111460568939 0.062410736148932736 -0.063795466904176965 -0.06447963231885627 0.010663124367133609 0.049112787286168059 -0.030778929447699645 0.036856292577755724 -0.069104087118072102
leaf_weight=210.06219295226038 50.52059406042099 44.985994136892259 45.54830402135849 43.140464870259166 42.712243854999542 32.35039296746254 28.045051515102386 16.327221659012139 30.691507495939732 44.638674563728273 3.6196077447384605 13.865695043466985 16.461911227554083 7.8503905925899735
leaf_count=1160 49 929 46 872 43 670 28 374 751 225 10 96 36 150
internal_value=-1.22824e-10 0.00582939 -0.00322122 0.00614269 -0.00445334 0.00803427 -0.00662983 0.00755103 -0.00942976 -0.00787784 -0.0383789 -0.0124785 0.00741425 -0.00233594
internal_weight=630.82 390.067 339.546 294.56 249.012 205.871 163.159 130.809 240.754 102.764 33.8125 17.4853 68.951 52.4891
internal_count=5439 3528 3479 2550 2504 1632 1589 919 1911 891 480 106 411 375
is_linear=0
shrinkage=0.05


Tree=9
num_leaves=15
num_cat=0
split_feature=6 6 6 6 6 6 6 3 3 6 7 6 6 6
split_gain=12.1996 75.7836 67.9462 63.059 64.6905 59.123 46.2021 39.6305 39.1569 17.1778 8.25201 8.39042 7.04004 13.3271
threshold=0.011568287037037038 0.011579861111111112 0.023142361111111114 0.023153935185185191 0.034716435185185197 0.034728009259259264 0.046290509259259267 3.5000000000000004 1.0000000180025095e-35 1.1572743055555559 0.74841772151898744 1.1567997685185187 1.2720312500000002 1.2730266203703706
decision_type=2 2 2 2 2 2 2 2 2 2 2 2 2 2
left_child=8 -2 -3 -4 -5 -6 -7 -8 -1 10 -9 -12 -11 -14
right_child=1 2 3 4 5 6 7 9 -10 12 11 -13 13 -15
leaf_value=-0.0012038374124656304 0.063899173806405862 -0.061589116365589218 0.061170649115477975 -0.061124072108680483 0.061161625405103885 -0.060707553170264432 0.060601653870039268 -0.062045602076019939 -0.062696437345434994 0.03687867130828356 0.0091739316540951129 -0.067482556511156241 -0.031548561234612367 0.018374111821508787
leaf_weight=209.8673969488591 47.577563345432281 42.031814877409488 42.576486945152283 40.341463865712285 39.945633828639984 30.276297127828002 26.250026106834412 15.480932637117801 28.53787944233045 14.288899783045052 12.837276328355076 3.8482513371855012 21.225243319757283 32.552702818065882
leaf_count=1160 49 929 46 872 43 670 28 374 751 24 39 67 191 196
internal_value=5.41185e-10 0.0056877 -0.003094 0.00588688 -0.00425801 0.00765459 -0.00628139 0.0071206 -0.00879584 -0.00734579 -0.0368686 -0.0113217 0.00693764 -0.00154576
internal_weight=607.638 369.233 321.655 279.623 237.047 196.705 156.76 126.483 238.405 100.233 32.1665 16.6855 68.0668 53.7779
internal_count=5439 3528 3479 2550 2504 1632 1589 919 1911 891 480 106 411 387
is_linear=0
shrinkage=0.05


Tree=10
num_leaves=15
num_cat=0
split_feature=6 6 6 6 6 6 6 3 3 6 7 6 7 3
split_gain=10.7356 68.1227 60.2898 55.9936 57.3851 52.5209 41.0302 35.1578 34.8576 14.6209 7.80623 6.94881 13.4053 7.37782
threshold=0.011568287037037038 0.011579861111111112 0.023142361111111114 0.023153935185185191 0.034716435185185197 0.034728009259259264 0.046290509259259267 3.5000000000000004 1.0000000180025095e-35 1.1572743055555559 0.74841772151898744 1.3887326388888892 0.77557148392096098 4.5000000000000009
decision_type=2 2 2 2 2 2 2 2 2 2 2 2 2 2
left_child=8 -2 -3 -4 -5 -6 -7 -8 -1 10 -9 12 13 -11
right_child=1 2 3 4 5 6 7 9 -10 11 -12 -13 -14 -15
leaf_value=-0.0012613823468843217 0.062477867523464264 -0.060072909140721498 0.05964816124414149 -0.059598812612826013 0.059631297559632028 -0.059162480967218302 0.059019749196317521 -0.060275902829324407 -0.061136854815691803 -0.058668645995087615 -0.0098860797341792025 0.043583727583642963 0.012582730690208047 0.036320750258935483
leaf_weight=209.64697883464396 44.714683473110199 39.158796907868236 39.677234053611755 37.609586732462049 37.246118783950806 28.250635301694274 24.497912764549255 14.508232713676991 26.502256432082504 10.962670854292806 16.176591263152659 9.5626251697540265 44.218462731689215 1.7601511720567948
leaf_count=1160 49 929 46 872 43 670 28 374 751 224 106 8 172 7
internal_value=8.22453e-10 0.00557362 -0.00298411 0.00566319 -0.00408743 0.00732355 -0.00597927 0.00674927 -0.00821047 -0.0068932 -0.0348615 0.00633663 -0.000562832 -0.0438381
internal_weight=584.493 348.344 303.629 264.47 224.793 187.183 149.937 121.687 236.149 97.1887 30.6848 66.5039 56.9413 12.7228
internal_count=5439 3528 3479 2550 2504 1632 1589 919 1911 891 480 411 403 231
is_linear=0
shrinkage=0.05


Tree=11
num_leaves=15
num_cat=0
split_feature=6 6 6 6 6 6 6 3 3 6 7 6 6 6
split_gain=9.45625 61.4235 53.6121 49.8364 50.9984 46.7701 36.511 31.2658 31.1521 13.5337 6.88449 6.63735 14.3542 10.2854
threshold=0.011568287037037038 0.011579861111111112 0.023142361111111114 0.023153935185185191 0.034716435185185197 0.034728009259259264 0.046290509259259267 3.5000000000000004 1.0000000180025095e-35 1.1572743055555559 0.74841772151898744 1.377146990740741 1.376059027777778 1.2730266203703706
decision_type=2 2 2 2 2 2 2 2 2 2 2 2 2 2
left_child=8 -2 -3 -4 -5 -6 -7 -8 -1 10 -9 12 13 -11
right_child=1 2 3 4 5 6 7 9 -10 11 -12 -13 -14 -15
leaf_value=-0.0012977201054205011 0.0612360559256276 -0.058744206745353203 0.058311771326110866 -0.058258864219120958 0.058286925417622142 -0.057798703346094819 0.057622194713047407 -0.058817586000078109 -0.059759645499056595 -0.0044504581787601812 -0.010637511613208309 0.033509151968476245 -0.064359516948994874 0.053408577608783939
leaf_weight=209.40304876305163 41.937823891639709 36.37592218676582 36.860883295536041 34.954569406807423 34.623412728309631 26.280381737276912 22.795771956443787 13.552739468403162 24.575701889116317 33.806797061115503 16.232884646393359 15.827310552820562 6.9876654651015988 8.8911254219710809
leaf_count=1160 49 929 46 872 43 670 28 374 751 215 106 36 150 10
internal_value=3.39316e-10 0.0054568 -0.00287278 0.00543146 -0.00390793 0.00697037 -0.00565248 0.00633988 -0.00766639 -0.00639803 -0.0337584 0.00636194 -0.00277628 0.00854422
internal_weight=563.106 329.127 287.189 250.814 213.953 178.998 144.375 118.094 233.979 95.2985 29.7856 65.5129 49.6856 42.6979
internal_count=5439 3528 3479 2550 2504 1632 1589 919 1911 891 480 411 375 225
is_linear=0
shrinkage=0.05


Tree=12
num_leaves=15
num_cat=0
split_feature=6 6 6 6 6 6 6 3 3 6 7 7 0 0
split_gain=8.34602 55.5048 47.7538 44.4212 45.3896 41.7126 32.5377 27.9236 27.8502 12.4333 6.64189 8.59472 10.8624 8.84589
threshold=0.011568287037037038 0.011579861111111112 0.023142361111111114 0.023153935185185191 0.034716435185185197 0.034728009259259264 0.046290509259259267 1.0000000180025095e-35 3.5000000000000004 1.1572743055555559 0.55618686868686884 0.71231060606060626 66.500000000000014 90.500000000000014
decision_type=2 2 2 2 2 2 2 2 2 2 2 2 2 2
left_child=7 -2 -3 -4 -5 -6 -7 10 -8 -10 -1 -12 -13 -14
right_child=1 2 3 4 5 6 8 -9 9 -11 11 12 13 -15
leaf_value=0.0049743964413559967 0.060142003568345398 -0.057569537718122489 0.057128093625287528 -0.057070682984604465 0.057095096318955076 -0.056583117407634401 0.056373794333543274 -0.058531779949159479 -0.032610454009483029 0.006352468865744869 -0.025871189505158237 0.032019369405733425 -0.079195520301482872 0.030436129994690909
leaf_weight=139.54410046339035 39.254597127437592 33.693965411745012 34.139818847179413 32.387917777523398 32.088814377784729 24.374885633587837 21.14996200799942 22.753377116983756 28.895189787261188 64.211211632937193 46.894119631499052 16.475610993802551 3.9868335630744687 2.2373248860239983
leaf_count=728 49 929 46 872 43 670 28 751 480 411 321 61 40 10
internal_value=1.0116e-09 0.00535716 -0.00277215 0.00521916 -0.00374321 0.00664717 -0.00535522 -0.0071584 0.0059696 -0.00595755 -0.00131723 -0.0138245 0.0111037 -0.0410294
internal_weight=542.088 310.196 270.942 237.248 203.108 170.72 138.631 231.891 114.256 93.1064 209.138 69.5939 22.6998 6.22416
internal_count=5439 3528 3479 2550 2504 1632 1589 1911 919 891 1160 432 111 50
is_linear=0
shrinkage=0.05


Tree=13
num_leaves=15
num_cat=0
split_feature=6 6 6 6 6 6 6 3 3 6 7 6 7 7
split_gain=7.58176 50.2669 42.5421 39.639 40.398 37.3262 28.9523 25.3896 25.1397 11.1777 6.12028 6.06599 5.56827 7.48369
threshold=0.011568287037037038 0.011579861111111112 0.023142361111111114 0.023153935185185191 0.034716435185185197 0.034728009259259264 0.046290509259259267 1.0000000180025095e-35 3.5000000000000004 1.1572743055555559 0.74841772151898744 1.1567997685185187 0.81121593291404626 0.7703033729037122
decision_type=2 2 2 2 2 2 2 2 2 2 2 2 2 2
left_child=7 -2 -3 -4 -5 -6 -7 12 -8 10 -10 -12 13 -1
right_child=1 2 3 4 5 6 8 -9 9 -11 11 -13 -14 -15
leaf_value=-0.0016709959557285213 0.05917734001173941 -0.056512334558540045 0.05606980895205739 -0.056006490211596517 0.056043774901148286 -0.055485549252118731 0.055334996670595077 -0.05755225536307345 -0.056762141859718264 0.0059770025447293896 0.0067465797850596882 -0.061654024796424102 0.037703512399779621 -0.07278488666286323
leaf_weight=186.89557643793523 36.677805244922638 31.110497048590332 31.525589406490326 29.91073359362781 29.686239719390869 22.516274221241474 19.687493026256561 21.338452635565773 12.083153730258347 64.209328513592482 12.823710599914195 3.2682252321392289 7.7510871589183798 2.7757868003100148
leaf_count=1094 49 929 46 872 43 670 28 751 374 411 39 67 30 36
internal_value=2.52809e-10 0.00524441 -0.00265765 0.00498186 -0.00355694 0.00627405 -0.00503608 -0.00702798 0.00550075 -0.00559796 -0.0312773 -0.0099398 -0.00130452 -0.003088
internal_weight=512.26 293.499 256.821 225.711 194.185 164.274 134.588 218.761 112.072 92.3844 28.1751 16.0919 197.422 189.671
internal_count=5439 3528 3479 2550 2504 1632 1589 1911 919 891 480 106 1160 1130
is_linear=0
shrinkage=0.05


Tree=14
num_leaves=15
num_cat=0
split_feature=6 6 6 6 6 6 6 3 3 6 7 7 7 6
split_gain=6.68664 45.5657 37.9507 35.3868 35.9917 33.345 25.839 22.8306 22.4234 10.087 8.14767 5.5867 5.89201 5.52466
threshold=0.011568287037037038 0.011579861111111112 0.023142361111111114 0.023153935185185191 0.034716435185185197 0.034728009259259264 0.046290509259259267 1.0000000180025095e-35 3.5000000000000004 1.1572743055555559 0.73453443877551028 0.74841772151898744 0.81438415159345401 1.3887326388888892
decision_type=2 2 2 2 2 2 2 2 2 2 2 2 2 2
left_child=7 -2 -3 -4 -5 -6 -7 10 -8 11 -1 -10 -13 -11
right_child=1 2 3 4 5 6 8 -9 9 13 -12 12 -14 -15
leaf_value=-0.0042928184313480184 0.058303855682592248 -0.055569227825482209 0.055114664736290724 -0.055045456339620713 0.055078178843289638 -0.05448897273152245 0.054298280837421366 -0.05653087192432249 -0.055597141108264872 -0.00056630571472809194 0.032890043543634125 0.04163635443441055 -0.025576879451062601 0.039396939208567773
leaf_weight=182.25107119325548 34.202957093715668 28.660158904269338 29.028303265571594 27.554752061143517 27.356555461883545 20.767796529456973 18.168202459812164 19.685776044381782 11.245180321857333 54.841304201632738 15.02238734718412 3.3276698160916558 12.564892209134996 9.2612425088882429
leaf_count=1075 49 929 46 872 43 670 28 751 374 403 85 10 96 8
internal_value=1.20946e-10 0.00514093 -0.00255725 0.00476392 -0.0033866 0.0059395 -0.00472816 -0.0065566 0.00512535 -0.0051487 -0.00130974 -0.0301217 -0.00987175 0.00572387
internal_weight=493.938 276.979 242.776 214.116 185.088 157.533 130.176 216.959 109.408 91.2403 197.273 27.1377 15.8926 64.1025
internal_count=5439 3528 3479 2550 2504 1632 1589 1911 919 891 1160 480 106 411
is_linear=0
shrinkage=0.05


Tree=15
num_leaves=15
num_cat=0
split_feature=7 6 6 6 6 6 6 6 3 3 6 7 6 7
split_gain=7.31877 6.2081 40.149 34.9746 30.4022 33.4689 28.2497 24.5155 21.0438 18.5535 9.04353 6.01254 4.59203 8.1379
threshold=1.0000000180025095e-35 0.011568287037037038 0.011579861111111112 0.023142361111111114 0.023153935185185191 0.034716435185185197 0.034728009259259264 0.046290509259259267 1.0000000180025095e-35 3.5000000000000004 1.1572743055555559 0.73453443877551028 1.3887326388888892 0.77557148392096098
decision_type=2 2 2 2 2 2 2 2 2 2 2 2 2 2
left_child=-1 8 -3 -4 -5 -6 -7 -8 11 -9 -11 -2 13 -12
right_child=1 2 3 4 5 6 7 9 -10 10 12 -13 -14 -15
leaf_value=-0.062340817627214641 -0.0033739876366981219 0.057496293895641142 -0.054716023593817997 0.054244332204386125 -0.054168527953593143 0.054197217662117693 -0.053572383435424767 0.053342866062647154 -0.055631794531818039 -0.027594847218093983 -0.036677531935782728 0.028371691546846173 0.038229649065843516 0.011176185505509311
leaf_weight=3.6620387705042949 180.40790676232427 31.829518139362335 26.340840344317257 26.656845271587372 25.316297922283411 25.142914354801178 19.105199785903096 16.723730444908142 18.195449686842039 24.92026234511286 10.13141886051744 15.252040503546594 9.1848071217536909 43.03382071107626
leaf_count=102 1066 49 929 46 872 43 670 28 751 431 187 85 8 172
internal_value=4.03924e-10 0.000614138 0.00581945 -0.00166154 0.00555569 -0.00219031 0.00698983 -0.00301127 -0.00567287 0.00669931 -0.00274211 -0.000767671 0.0074699 0.00154817
internal_weight=475.903 472.241 258.386 226.556 200.215 173.558 148.242 123.099 213.855 103.994 87.2703 195.66 62.35 53.1652
internal_count=5439 5337 3435 3386 2457 2411 1539 1496 1902 826 798 1151 367 359
is_linear=0
shrinkage=0.05


Tree=16
num_leaves=15
num_cat=0
split_feature=6 6 6 6 6 6 6 6 6 6 6 3 3 7
split_gain=5.85531 10.516 10.2253 12.7965 5.33695 37.6148 30.067 28.5086 28.3838 27.1524 19.9896 18.9156 18.8606 10.8282
threshold=1.377146990740741 1.376059027777778 1.2730266203703706 1.2724826388888892 0.011568287037037038 0.011579861111111112 0.023142361111111114 0.023153935185185191 0.034716435185185197 0.034728009259259264 0.046290509259259267 1.0000000180025095e-35 3.5000000000000004 0.74841772151898744
decision_type=2 2 2 2 2 2 2 2 2 2 2 2 2 2
left_child=1 2 3 4 11 -6 -7 -8 -9 -10 -11 -1 -12 -14
right_child=-2 -3 -4 -5 5 6 7 8 9 10 12 -13 13 -15
leaf_value=-0.0012066972026394496 0.029375455832326966 -0.060620566143717761 0.051129190571482797 -0.070386391514480826 0.056765920195958747 -0.053932085450129376 0.053442909137145556 -0.053359170550047214 0.053399652661271592 -0.052717124151456463 0.052534901473795907 -0.054872154355863324 -0.047708028290857886 0.0041294939345360993
leaf_weight=194.59274674858898 15.359976215288041 6.2948621260002247 8.5331448968499881 5.5857104286551467 29.581430196762085 24.152083422057331 24.416885912418365 23.194049026817083 23.08449000120163 17.515522544272244 15.47649163007736 16.938205235404894 12.337219158653168 40.631093964911997
leaf_count=1160 36 150 10 115 49 929 46 872 43 670 28 751 422 158
internal_value=4.89321e-10 -0.00108402 -8.7779e-05 -0.00122702 -0.000147168 0.00547847 -0.0031786 0.00493867 -0.00435115 0.00646311 -0.00661073 -0.00574189 0.00577745 -0.00860462
internal_weight=457.694 442.334 436.039 427.506 421.92 210.389 180.808 156.656 132.239 109.045 85.9603 211.531 68.4448 52.9683
internal_count=5439 5403 5253 5243 5128 3217 3168 2239 2193 1321 1278 1911 608 580
is_linear=0
shrinkage=0.05


Tree=17
num_leaves=15
num_cat=0
split_feature=6 7 0 7 0 6 6 6 6 6 6 3 6 3
split_gain=5.03493 5.77861 7.70806 4.87936 20.0211 4.1136 34.3157 25.3949 25.1443 24.4177 23.9372 17.433 17.2383 16.2343
threshold=1.3887326388888892 0.66491228070175445 6.5000000000000009 0.17424242424242428 70.500000000000014 0.011568287037037038 0.011579861111111112 0.023142361111111114 0.023153935185185191 0.034716435185185197 0.034728009259259264 1.0000000180025095e-35 0.046290509259259267 3.5000000000000004
decision_type=2 2 2 2 2 2 2 2 2 2 2 2 2 2
left_child=3 -2 -3 4 -1 11 -7 -8 -9 -10 -11 -5 -12 -14
right_child=1 2 -4 5 -6 6 7 8 9 10 12 -13 13 -15
leaf_value=-0.071274334965779826 0.067152311473441612 -0.065637249921146404 0.047263812794356375 -0.00061095572439127434 0.054980741315589825 0.056107898853911153 -0.053085806217817236 0.052647959972292602 -0.052562477729490846 0.052590730136170875 -0.051841086168093409 -0.05407834978970863 0.051592028445522201 -0.0058710667657169797
leaf_weight=8.4333875169977528 4.8501257896423322 1.9271847009658811 2.1470711231231689 189.075723095797 3.8310102447867385 27.467649757862091 21.157448163256049 21.830097913742065 20.82840358838439 20.63697749376297 15.658541883341966 15.584627597592769 13.715683937072752 73.748496305663139
leaf_count=224 4 2 2 1131 16 49 890 45 857 42 655 751 27 744
internal_value=-2.63579e-10 0.0352122 -0.00855096 -0.000807126 -0.0306645 0.000136167 0.00495402 -0.00279451 0.00387813 -0.00379625 0.00476649 -0.00492558 -0.00521729 0.00362134
internal_weight=440.892 8.92438 4.07426 431.968 12.2644 419.704 215.043 187.576 166.418 144.588 123.76 204.66 103.123 87.4642
internal_count=5439 8 4 5431 240 5191 3309 3260 2370 2325 1468 1882 1426 771
is_linear=0
shrinkage=0.05


Tree=18
num_leaves=15
num_cat=0
split_feature=6 6 6 6 6 6 6 6 6 6 6 6 6 3
split_gain=8.07893 3.6111 8.92457 10.3779 6.80717 5.27132 4.08569 31.2736 23.8139 22.8591 22.2846 21.9812 15.6391 15.6398
threshold=1.3887326388888892 1.376059027777778 1.2730266203703706 1.2724826388888892 1.377146990740741 1.388559027777778 0.011568287037037038 0.011579861111111112 0.023142361111111114 0.023153935185185191 0.034716435185185197 0.034728009259259264 0.046290509259259267 3.5000000000000004
decision_type=2 2 2 2 2 2 2 2 2 2 2 2 2 2
left_child=1 2 3 6 -3 -6 -1 -8 -9 -10 -11 -12 -13 -14
right_child=-2 4 -4 -5 5 -7 7 8 9 10 11 12 13 -15
leaf_value=-0.004991849972564702 0.05053687450534472 -0.058496560649045216 0.048608802900570285 -0.066320734964051678 0.035688940870079296 -0.04993955150340721 0.055502801032096677 -0.052526876237921474 0.051993189123491157 -0.051892215144819689 0.051955041504731209 -0.051145357759365066 0.051044239708372068 -0.0081037042687134662
leaf_weight=207.93616602616385 6.7644343078136435 6.4893786832690221 8.2009982671588642 5.0254839952103785 4.8161038905382156 1.6276860758662222 25.491066992282867 20.198260077275336 20.338753461837769 19.333640260621905 19.331896394491196 14.634986370801924 13.189885288476942 51.747636356391013
leaf_count=1911 8 150 10 115 9 19 49 929 46 872 43 670 28 580
internal_value=-1.94706e-10 -0.000935684 -7.537e-05 -0.00120002 -0.0259638 0.0102562 -0.000199052 0.00520716 -0.00316456 0.00435502 -0.00420679 0.00554078 -0.0062403 0.00450215
internal_weight=425.126 418.362 405.429 397.228 12.9332 6.44379 392.202 184.266 158.775 138.577 118.238 98.9044 79.5725 64.9375
internal_count=5439 5431 5253 5243 178 28 5128 3217 3168 2239 2193 1321 1278 608
is_linear=0
shrinkage=0.05


Tree=19
num_leaves=15
num_cat=0
split_feature=6 6 6 6 6 6 6 6 6 6 6 6 6 3
split_gain=7.10786 3.21609 7.75972 8.87578 6.13971 4.50734 3.07031 29.2353 22.4405 20.7058 20.0922 19.7713 13.8426 14.3377
threshold=1.3887326388888892 1.376059027777778 1.2730266203703706 1.2724826388888892 1.377146990740741 1.388559027777778 0.011568287037037038 0.011579861111111112 0.023142361111111114 0.023153935185185191 0.034716435185185197 0.034728009259259264 0.046290509259259267 3.5000000000000004
decision_type=2 2 2 2 2 2 2 2 2 2 2 2 2 2
left_child=1 2 3 6 -3 -6 -1 -8 -9 -10 -11 -12 -13 -14
right_child=-2 4 -4 -5 5 -7 7 8 9 10 11 12 13 -15
leaf_value=-0.0043468035789509711 0.048216971685058979 -0.056639510773252646 0.045911751114282834 -0.0632792654812213 0.03366264959857132 -0.046898758830547588 0.054915843247887702 -0.052061190855269113 0.051373179070438826 -0.051265493519341988 0.051299413964287423 -0.050406454792872091 0.050402095568771933 -0.0078713517277552297
leaf_weight=205.42152242083102 6.5045840591192237 6.1676691407337767 7.9667590614408246 4.6620926037430754 4.6600160337984562 1.5325910300016401 23.83792045712471 19.65142260491848 18.637552380561829 17.936319600790739 17.66537418961525 13.333194739185272 12.226199269294737 51.383657513186336
leaf_count=1911 8 150 10 115 9 19 49 929 46 872 43 670 28 580
internal_value=3.63788e-10 -0.000891071 -7.01781e-05 -0.00113883 -0.0250158 0.00997632 -0.000212592 0.00464649 -0.00360749 0.00398994 -0.00424013 0.00511812 -0.00600679 0.0039359
internal_weight=411.587 405.082 392.722 384.755 12.3603 6.19261 380.093 174.672 150.834 131.182 112.545 94.6084 76.9431 63.6099
internal_count=5439 5431 5253 5243 178 28 5128 3217 3168 2239 2193 1321 1278 608
is_linear=0
shrinkage=0.05


Tree=20
num_leaves=15
num_cat=0
split_feature=6 7 6 6 6 6 6 6 6 6 6 6 6 6
split_gain=6.29447 2.96665 2.73027 6.76729 7.25279 5.37969 3.73957 3.24724 26.0651 20.6258 17.9351 18.6011 16.8601 13.0738
threshold=1.3887326388888892 1.0000000180025095e-35 1.376059027777778 1.2730266203703706 1.2724826388888892 1.377146990740741 1.388559027777778 0.011568287037037038 0.011579861111111112 0.023142361111111114 0.023153935185185191 0.034716435185185197 0.034728009259259264 0.046290509259259267
decision_type=2 2 2 2 2 2 2 2 2 2 2 2 2 2
left_child=1 -1 3 4 7 -4 -7 -3 -9 -10 -11 -12 -13 -14
right_child=-2 2 5 -5 -6 6 -8 8 9 10 11 12 13 -15
leaf_value=-0.047637660701890468 0.046141549415255362 -0.0040763989700945066 -0.054645171209837917 0.043757066585951576 -0.060386793712130661 0.030856265309615757 -0.043964892483691696 0.054364395336192285 -0.051449473864871635 0.050774570394985966 -0.050615354170091401 0.05066902506948591 -0.049687058797484168 0.0052722848900994216
leaf_weight=2.359262451529502 6.2574199438095084 204.54418717138469 5.5930756442248803 7.7576963119208804 4.0225934153422704 4.5837018340826035 1.4112336263060568 22.27898633480072 17.848551179748029 17.04555344581604 16.296207982115448 16.118977397680283 12.12978841550648 60.738021808676422
leaf_count=102 8 1902 139 9 101 9 19 49 929 46 872 43 670 541
internal_value=-1.16798e-10 -0.000850508 -0.000446743 0.000313749 -0.000709782 -0.0233553 0.00947579 0.000106639 0.00536611 -0.00275133 0.00471361 -0.00315132 0.00600668 -0.0044252
internal_weight=398.985 392.728 390.369 378.781 371.023 11.588 5.99494 367 162.456 140.177 122.329 105.283 88.9868 72.8678
internal_count=5439 5431 5329 5162 5153 167 28 5052 3150 3101 2172 2126 1254 1211
is_linear=0
shrinkage=0.05


Tree=21
num_leaves=15
num_cat=0
split_feature=6 7 6 6 6 6 6 6 6 6 6 6 6 6
split_gain=5.60418 2.62452 2.43739 6.12139 6.21529 4.83575 3.16988 2.93479 23.9811 18.3997 16.186 16.5481 15.2163 12.5759
threshold=1.3887326388888892 1.0000000180025095e-35 1.376059027777778 1.2730266203703706 1.2724826388888892 1.377146990740741 1.388559027777778 0.011568287037037038 0.011579861111111112 0.023142361111111114 0.023153935185185191 0.034716435185185197 0.034728009259259264 1.0000000180025095e-35
decision_type=2 2 2 2 2 2 2 2 2 2 2 2 2 2
left_child=1 -1 3 4 7 -4 -7 13 -9 -10 -11 -12 -13 -3
right_child=-2 2 5 -5 -6 6 -8 8 9 10 11 12 -14 -15
leaf_value=-0.045797496673459087 0.044260794791161961 -0.00071340723285246875 -0.053076367429039574 0.042019561240279162 -0.057711699483430204 0.028466062714229246 -0.041546216305337634 0.053840780075288391 -0.050888203325357623 0.050195787524073179 -0.05002184135691732 0.050065384200437824 -0.0042357584850202515 -0.052550678650399689
leaf_weight=2.215011832304298 6.0230621099472037 192.31670278590173 5.2765097822993976 7.5862565487623206 3.7174999467097214 4.512316033244133 1.3159323707222936 20.817730128765106 16.263826096896082 15.574716627597807 14.872360250912605 14.704992681741713 71.582916615530849 11.460316061507909
leaf_count=102 8 1151 139 9 101 9 19 49 929 46 872 43 1211 751
internal_value=-1.25585e-10 -0.00081115 -0.000429412 0.000294222 -0.000695422 -0.0225067 0.00888891 5.65988e-05 0.00525143 -0.0026991 0.00438994 -0.00308468 0.00548567 -0.0038711
internal_weight=388.24 382.217 380.002 368.897 361.311 11.1048 5.82825 357.594 153.817 132.999 116.735 101.16 86.2879 203.777
internal_count=5439 5431 5329 5162 5153 167 28 5052 3150 3101 2172 2126 1254 1902
is_linear=0
shrinkage=0.05


Tree=22
num_leaves=15
num_cat=0
split_feature=6 7 6 6 6 6 6 6 6 6 6 6 6 6
split_gain=5.01027 2.37513 2.18429 5.51588 5.49109 4.35627 2.72848 2.57314 21.887 16.3757 14.4987 14.7562 14.0278 11.38
threshold=1.3887326388888892 1.0000000180025095e-35 1.376059027777778 1.2730266203703706 1.2724826388888892 1.377146990740741 1.388559027777778 0.011568287037037038 0.011579861111111112 0.023142361111111114 0.023153935185185191 0.034716435185185197 0.034728009259259264 0.046290509259259267
decision_type=2 2 2 2 2 2 2 2 2 2 2 2 2 2
left_child=1 -1 3 4 7 -4 -7 -3 -9 -10 -11 -12 -13 -14
right_child=-2 2 5 -5 -6 6 -8 8 9 10 11 12 13 -15
leaf_value=-0.044324631682814211 0.042532368281909781 -0.0036092545417510582 -0.051637337111587113 0.040285329651232188 -0.055585798900110554 0.026400416219949992 -0.03948170527332772 0.05333923996033433 -0.050313826110499719 0.04959346053084171 -0.049444528315222031 0.049583235185409857 -0.048881707986796842 0.0046271701345481234
leaf_weight=2.1047609657980493 5.8003196418285361 202.53004304529168 4.9726347532123309 7.4160339478403321 3.494512610603123 4.4431239664554596 1.2367907688021658 19.256431460380554 14.777674435172228 14.149223327636717 13.561297587584702 13.639327883720396 10.870445406995712 60.207040408160537
leaf_count=102 8 1902 139 9 101 9 19 49 929 46 872 43 670 541
internal_value=1.80271e-10 -0.000774057 -0.000408059 0.00028098 -0.000672265 -0.0217139 0.00829179 3.48427e-05 0.00506428 -0.00260268 0.00405686 -0.00293261 0.0050029 -0.00412101
internal_weight=378.46 372.659 370.555 359.902 352.486 10.6525 5.67991 348.991 146.461 127.205 112.427 98.2781 84.7168 71.0775
internal_count=5439 5431 5329 5162 5153 167 28 5052 3150 3101 2172 2126 1254 1211
is_linear=0
shrinkage=0.05


Tree=23
num_leaves=15
num_cat=0
split_feature=6 7 7 7 0 6 6 6 6 6 6 6 6 3
split_gain=4.49513 2.13661 2.10444 3.62733 3.25347 2.09648 20.4457 13.6132 13.0607 12.5331 12.6735 11.0348 9.72156 11.4366
threshold=1.3887326388888892 1.0000000180025095e-35 0.031754032258064523 0.17424242424242428 70.500000000000014 0.011568287037037038 0.011579861111111112 0.023142361111111114 0.023153935185185191 0.034716435185185197 0.034728009259259264 1.0000000180025095e-35 0.046290509259259267 3.5000000000000004
decision_type=2 2 2 2 2 2 2 2 2 2 2 2 2 2
left_child=1 -1 -3 4 -4 11 -7 -8 -9 -10 -11 -5 -12 -14
right_child=-2 2 3 5 -6 6 7 8 9 10 12 -13 13 -15
leaf_value=-0.0428452940569422 0.040929941552847959 0.040520012064623759 -0.059763861069423024 -0.00065203613189687259 0.024949344950334094 0.05285316339321703 -0.049570105278360969 0.048952269436006821 -0.048803195641282014 0.048917547488738916 -0.048198208881853069 -0.051692699537091061 0.049173841077554376 -0.0051807744001899992
leaf_weight=1.9883005940355349 5.5890205204486838 2.1167402090504757 3.5411979109048835 188.44637467991561 0.88909649848937977 17.985395669937134 12.81978742033243 12.622732847928999 12.134350351057945 12.149533569812773 9.7785848239436728 10.221682984149082 10.241659820079802 68.65300377830863
leaf_count=102 8 22 113 1131 3 49 890 45 857 42 655 751 27 744
internal_value=1.47808e-10 -0.000739706 -0.000390661 -0.000743291 -0.0412994 -0.000122667 0.00419308 -0.00246421 0.00269821 -0.0028548 0.00310023 -0.00352387 -0.00365292 0.0024024
internal_weight=369.177 363.588 361.6 359.483 4.43029 355.053 156.385 138.4 125.58 112.957 100.823 198.668 88.6732 78.8947
internal_count=5439 5431 5329 5307 116 5191 3309 3260 2370 2325 1468 1882 1426 771
is_linear=0
shrinkage=0.05


Tree=24
num_leaves=15
num_cat=0
split_feature=6 7 7 7 0 6 6 6 6 6 6 6 6 3
split_gain=4.17987 1.96152 1.92703 2.07052 2.5188 1.93955 18.6983 12.1226 11.6436 11.1166 11.3763 9.96227 8.62064 10.4928
threshold=1.3887326388888892 1.0000000180025095e-35 0.031754032258064523 0.17424242424242428 70.500000000000014 0.011568287037037038 0.011579861111111112 0.023142361111111114 0.023153935185185191 0.034716435185185197 0.034728009259259264 1.0000000180025095e-35 0.046290509259259267 3.5000000000000004
decision_type=2 2 2 2 2 2 2 2 2 2 2 2 2 2
left_child=1 -1 -3 4 -4 11 -7 -8 -9 -10 -11 -5 -12 -14
right_child=-2 2 3 5 -6 6 7 8 9 10 12 -13 13 -15
leaf_value=-0.041726452962351945 0.039844257048385297 0.03967374552550381 -0.052756786050507709 -0.00087539410805470477 0.023874524437230371 0.052378407580577428 -0.048995299675212517 0.048331251599304265 -0.048182494922310089 0.048318455124199529 -0.047492302895112297 -0.051034621160399002 0.048596907896407561 -0.0050231509505502822
leaf_weight=1.8932244810275722 5.4647272229194632 1.9769604699686159 2.804892666637897 189.34799234429374 0.82548815011978138 16.638369470834732 11.645146276103331 11.417717665433882 10.998754141386597 11.052041932940481 8.8818079894408566 9.4475741307251138 9.5091978609561902 68.296814212109894
leaf_count=102 8 22 113 1131 3 49 890 45 857 42 655 751 27 744
internal_value=-6.61039e-11 -0.000724083 -0.000386777 -0.00072461 -0.0339392 -0.000280885 0.0040284 -0.00242367 0.00245704 -0.00275635 0.0027917 -0.00350267 -0.00349745 0.00206363
internal_weight=360.201 354.736 352.843 350.866 3.63038 347.235 148.44 131.801 120.156 108.739 97.7399 198.796 86.6878 77.806
internal_count=5439 5431 5329 5307 116 5191 3309 3260 2370 2325 1468 1882 1426 771
is_linear=0
shrinkage=0.05


Tree=25
num_leaves=15
num_cat=0
split_feature=6 7 0 7 6 6 6 6 6 6 6 6 3 7
split_gain=3.89682 2.13107 10.968 1.68114 2.0306 16.9287 10.8728 10.2492 9.98788 10.0599 8.8522 7.76889 9.46091 7.18074
threshold=1.3887326388888892 0.17424242424242428 70.500000000000014 0.20416666666666669 0.011568287037037038 0.011579861111111112 0.023142361111111114 0.023153935185185191 0.034716435185185197 0.034728009259259264 1.0000000180025095e-35 0.046290509259259267 3.5000000000000004 0.74841772151898744
decision_type=2 2 2 2 2 2 2 2 2 2 2 2 2 2
left_child=1 2 -1 -3 10 -6 -7 -8 -9 -10 -5 -11 -13 -14
right_child=-2 3 -4 4 5 6 7 8 9 11 -12 12 13 -15
leaf_value=-0.062190024600884714 0.038826325340696341 0.034568437468397391 0.049689159506935046 -0.001301510597095494 0.051909950653433505 -0.048403033667514139 0.047705395899626246 -0.04755328956061447 0.04771710479820182 -0.046776102465766217 -0.050346761555152379 0.048027583822842099 -0.036661774957686633 0.0036414099326306341
leaf_weight=5.299617923796176 5.346252739429473 2.4653813475742927 2.4654595030006021 186.05259039951488 15.391671940684317 10.528962138108907 10.323560222983359 9.9579658769071084 10.052316769957541 8.0568261267617327 8.6825062542920914 8.8301966786384565 12.807837229687719 54.668725351803005
leaf_count=224 8 24 16 1129 49 886 45 857 42 655 751 27 446 280
internal_value=-5.73691e-10 -0.000710945 -0.0250514 -7.917e-05 -0.000435902 0.004126 -0.00211187 0.00251918 -0.00236047 0.0028544 -0.0037343 -0.00298757 0.0021811 -0.00443228
internal_weight=350.93 345.584 7.76508 337.819 335.353 140.618 125.226 114.697 104.374 94.4159 194.735 84.3636 76.3068 67.4766
internal_count=5439 5431 240 5191 5167 3287 3238 2352 2307 1450 1880 1408 753 726
is_linear=0
shrinkage=0.05


Tree=26
num_leaves=15
num_cat=0
split_feature=6 7 7 6 6 6 6 6 6 6 0 6 6 0
split_gain=3.55369 1.58126 1.60908 1.4466 5.06767 4.78949 3.99 2.15046 1.98247 4.21028 9.49504 5.64523 7.6034 3.86111
threshold=1.3887326388888892 1.0000000180025095e-35 0.031754032258064523 1.376059027777778 1.2730266203703706 1.2724826388888892 1.377146990740741 1.388559027777778 1.2722048611111114 1.2720312500000002 9.5000000000000018 1.1572743055555559 1.1567997685185187 5.5000000000000009
decision_type=2 2 2 2 2 2 2 2 2 2 2 2 2 2
left_child=1 -1 -3 4 5 8 -5 -8 9 11 -11 12 -4 -10
right_child=-2 2 3 6 -6 -7 7 -9 13 10 -12 -13 -14 -15
leaf_value=-0.03899933570695098 0.037549945281520357 0.037095845139354544 -0.00026725710391743625 -0.049242769092531426 0.038716887892041127 -0.053561873573364699 0.025862607786492787 -0.035011941160092062 -0.041040631644879685 -0.076921208568847849 0.019856617489894202 0.032015475536557453 -0.061013951114510273 0.044943307182099164
leaf_weight=1.6719655073247839 5.1877211630344382 1.84036654094234 283.129847919452 4.3982819728553277 7.1973046492785206 3.291835813317447 4.2722349315881729 1.0482325162738559 0.85518401116132636 4.4983454342000169 4.0908528976142406 12.240803499706088 4.2467692703939965 4.569721145555377
leaf_count=102 8 22 4837 139 9 101 9 19 7 29 9 21 111 16
internal_value=-1.58286e-10 -0.000686707 -0.00038061 -0.000697378 -9.94227e-05 -0.00109995 -0.0187695 0.0102273 -0.000380826 -0.000950832 -0.033564 9.26386e-05 -0.00137342 0.0271107
internal_weight=342.539 337.352 335.68 333.839 324.121 316.923 9.71875 5.32047 313.632 308.207 8.5892 299.617 287.377 5.42491
internal_count=5439 5431 5329 5307 5140 5131 167 28 5030 5007 38 4969 4948 23
is_linear=0
shrinkage=0.05


Tree=27
num_leaves=15
num_cat=0
split_feature=6 7 7 6 6 6 6 6 6 3 6 3 7 7
split_gain=3.20324 1.58839 1.36624 1.43927 15.8986 9.74321 9.64278 8.71397 9.56632 8.08331 6.76202 9.23051 8.55349 3.44703
threshold=1.3887326388888892 1.0000000180025095e-35 0.031754032258064523 0.011568287037037038 0.011579861111111112 0.023142361111111114 0.023153935185185191 0.034716435185185197 0.034728009259259264 1.0000000180025095e-35 0.046290509259259267 3.5000000000000004 0.74841772151898744 0.28742816091954027
decision_type=2 2 2 2 2 2 2 2 2 2 2 2 2 2
left_child=1 -1 -3 9 -5 -6 -7 -8 -9 13 -10 -12 -13 -4
right_child=-2 2 3 4 5 6 7 8 10 -11 11 12 -14 -15
leaf_value=-0.038862517933093164 0.036190852407056273 0.034200243072438012 0.032507684960388146 0.051444279974085197 -0.047929225869128379 0.047174897666372728 -0.046984999257007116 0.047182468891258836 -0.046174173122927722 -0.049665759010675541 0.047470622510680904 -0.039187904815283212 0.0039689884325157252 -0.0024637246196566325
leaf_weight=1.6975775593891729 5.0062978863716117 1.8392145428806532 6.3280588630586854 14.245220765471457 9.8651947067119163 9.5481243282556516 9.1604505237191898 9.3227073550224286 7.4799940986558786 7.9884831662056959 8.3445024341344816 13.750311627052723 51.144235629588366 182.94307593163103
leaf_count=102 8 22 22 49 916 46 871 43 669 751 28 510 280 1122
internal_value=-3.80781e-11 -0.00064954 -0.000337994 -0.000633124 0.00337475 -0.00278001 0.00171505 -0.00308755 0.00184541 -0.00333596 -0.00390412 0.000976783 -0.00563133 -0.00112979
internal_weight=338.663 333.657 331.96 330.12 132.861 118.616 108.75 99.2022 90.0418 197.26 80.719 73.239 64.8945 189.271
internal_count=5439 5431 5329 5307 3412 3363 2447 2401 1530 1895 1487 818 790 1144
is_linear=0
shrinkage=0.05


Tree=28
num_leaves=15
num_cat=0
split_feature=6 7 0 7 6 0 7 0 0 0 0 6 6 6
split_gain=2.91593 1.90715 8.93931 1.55991 4.26973 3.41269 4.39236 8.76817 5.56379 5.07854 4.92465 2.94148 12.2804 8.12661
threshold=1.3887326388888892 0.17424242424242428 70.500000000000014 0.35175010175010185 0.023234953703703706 87.500000000000014 0.34368480179746436 46.500000000000007 74.500000000000014 75.500000000000014 74.500000000000014 0.011568287037037038 0.011579861111111112 0.023142361111111114
decision_type=2 2 2 2 2 2 2 2 2 2 2 2 2 2
left_child=1 2 -1 4 5 6 7 -3 -9 -10 -8 -5 -13 -14
right_child=-2 3 -4 11 -6 -7 10 8 9 -11 -12 12 13 -15
leaf_value=-0.060008602942113791 0.034963439450651008 0.027248740349850337 0.045310469376334213 -0.0054422941757076649 -0.027263782255190272 0.052558481366455072 0.06211336057202746 -0.069786537430892123 0.043165746809984855 -0.05348844415965303 -0.041503499619384647 0.0506886971135189 -0.04673707427315129 0.0033533229090926299
leaf_weight=4.7257010261528185 4.8578209280967704 9.990774911828348 2.2276554368436337 168.50600306608249 5.4831436066888264 4.7303210189566007 4.7505131168290964 4.6758761915843916 2.5258734691888098 1.2230020852293817 0.69103355705738057 11.998487547039984 7.8447876479476681 94.857494160998613
leaf_count=224 8 76 16 1745 313 25 14 80 5 36 3 44 801 2049
internal_value=7.04935e-10 -0.000629736 -0.0248128 -2.34531e-05 0.00992568 0.0177391 0.00899852 -0.00326146 -0.0384952 0.00701051 0.0445545 -0.00125107 0.00490004 -0.000886561
internal_weight=329.088 324.231 6.95336 317.277 34.0705 28.5874 23.8571 18.4155 8.42475 3.74888 5.44155 283.207 114.701 102.702
internal_count=5439 5431 240 5191 552 239 214 197 121 41 17 4639 2894 2850
is_linear=0
shrinkage=0.05


Tree=29
num_leaves=15
num_cat=0
split_feature=6 7 3 6 7 2 7 0 0 0 6 6 6 6
split_gain=2.75344 1.68995 8.93189 6.69114 5.24335 4.44764 9.19051 5.75516 4.43832 4.28636 4.11405 5.21074 5.5146 5.42654
threshold=1.3887326388888892 0.7239110707803994 3.5000000000000004 0.046290509259259267 0.59748178650617689 1.7361111111111114e-05 0.7703033729037122 53.500000000000007 30.000000000000004 49.500000000000007 0.034728009259259264 0.034716435185185197 0.023153935185185191 0.023142361111111114
decision_type=2 2 2 2 2 2 2 2 2 2 2 2 2 2
left_child=1 2 3 4 10 6 -3 9 -7 -8 11 12 13 -1
right_child=-2 5 -4 -5 -6 8 7 -9 -10 -11 -12 -13 -14 -15
leaf_value=0.00091490626682242293 0.034231803321343589 0.051180247453094109 -0.039622886967031652 0.045941840671412104 -0.019488327407082534 0.035547408845460475 0.0021343756901859019 -0.04815454855560309 -0.044209047113144766 0.048135647597381315 -0.04216014562726924 0.044755555992910867 -0.04397477938595129 0.044824063932484032
leaf_weight=161.59734514774755 4.7708842754364005 10.235886538866906 14.362821059068663 6.5891413986682883 34.219755293568596 1.4450669251382331 54.844570776913315 4.2508842498064032 6.6401708824560046 4.5921524995937935 4.2315317317843428 6.1170669049024573 5.5364663787186137 6.359240233898162
leaf_count=2039 8 123 601 24 938 8 332 175 122 12 415 31 576 35
internal_value=3.32439e-10 -0.00061346 -0.0027385 -0.000215183 -0.00181326 0.00553831 0.00948403 0.00209501 -0.0276106 0.00642615 0.00156436 0.00282222 0.0010957 0.00283287
internal_weight=325.793 321.022 239.013 224.651 218.061 82.0087 73.9235 63.6876 8.08524 59.4367 183.842 179.61 173.493 167.957
internal_count=5439 5431 4659 4058 4034 772 642 519 130 344 3096 2681 2650 2074
is_linear=0
shrinkage=0.05


Tree=30
num_leaves=15
num_cat=0
split_feature=6 6 6 6 7 7 7 2 7 6 2 6 0 6
split_gain=2.51536 4.35799 4.19689 5.3744 2.19916 7.42157 7.2994 3.76988 4.16411 3.70582 3.4447 4.08949 7.79028 7.31169
threshold=1.377146990740741 1.376059027777778 1.2730266203703706 1.2724826388888892 0.55028089887640463 0.53045763760049491 0.55618686868686884 1.7361111111111114e-05 0.56982995748937249 0.011568287037037038 1.7361111111111114e-05 0.011568287037037038 57.500000000000007 0.011579861111111112
decision_type=2 2 2 2 2 2 2 2 2 2 2 2 2 2
left_child=1 2 3 4 5 10 -6 8 -8 -7 11 12 -1 -13
right_child=-2 -3 -4 -5 6 9 7 -9 -10 -11 -12 13 -14 -15
leaf_value=-0.070411900964608434 0.023898386092508668 -0.04732565765003964 0.035640462194999827 -0.053743371076385937 0.046695338783406481 -0.072359682253661961 -0.038966558277690383 -0.015872215284445396 0.0080707391155679428 0.0037037463923949628 0.0066443244724587154 0.048018484818265379 -0.0095610115599751438 -0.0071216217735118551
leaf_weight=4.9010938685387364 9.6465515326708537 3.9566468722186974 7.0164410695433608 3.7564446916803709 8.5813521682284755 4.7280174789484581 3.9688546415418378 24.297601604601368 93.285791741684079 2.0925450213253498 69.717107517644763 6.977285489439967 53.609762294217944 23.63242547493428
leaf_count=141 36 150 10 115 83 122 143 516 1511 103 664 26 518 1301
internal_value=-2.68268e-10 -0.000816751 -6.45682e-05 -0.0010167 -0.00016827 -0.00397912 0.00467624 0.00135296 0.00577415 -0.0515338 -0.00162746 -0.00810023 -0.0157556 0.00656869
internal_weight=320.168 310.521 306.565 299.548 295.792 165.658 130.134 121.552 97.2546 6.82056 158.838 89.1206 58.5109 30.6097
internal_count=5439 5403 5253 5243 5128 2875 2253 2170 1654 225 2650 1986 659 1327
is_linear=0
shrinkage=0.05


Tree=31
num_leaves=15
num_cat=0
split_feature=6 7 3 7 0 1 7 0 7 0 0 6 7 7
split_gain=2.33386 2.08825 6.75946 5.71524 4.30583 5.82898 5.29544 6.69533 4.18181 10.9448 7.28182 4.07531 6.99481 8.9288
threshold=1.3887326388888892 0.49242250287026412 3.5000000000000004 0.45923792645104128 70.500000000000014 0.00090856481481481485 0.44504830917874399 63.500000000000007 0.4099474822366389 55.500000000000007 53.500000000000007 0.011568287037037038 0.46821976838136287 0.48701079622132259
decision_type=2 2 2 2 2 2 2 2 2 2 2 2 2 2
left_child=1 2 3 4 5 6 8 -8 10 -10 -1 12 -5 -14
right_child=-2 -3 -4 11 -6 -7 7 -9 9 -11 -12 -13 13 -15
leaf_value=0.010235100089134997 0.032239024944122598 0.002703497846804368 -0.05153964805913358 -0.077521876976591311 0.016749880188964911 -0.05497073644762273 -0.069884308917930307 0.024182137023444253 -0.0420859367796977 0.056237343277710995 -0.057483996077109648 0.013424080592975625 0.00038470143544719121 -0.07630552579307627
leaf_weight=17.17203368013725 4.5174061954021445 191.47061056667008 6.5281370875891289 4.7279967332724508 37.825825743144378 4.3485419834032646 4.1897188795264801 2.3384922910481691 3.0660785846412173 9.3705393281998095 4.0870823448058209 6.9388516894541672 19.237656632438306 3.7251419711392364
leaf_count=220 8 3305 345 74 559 169 74 5 78 53 110 289 118 32
internal_value=2.97109e-10 -0.00056285 -0.00560566 -0.00262838 0.00455669 -0.00593138 0.000575044 -0.0374522 0.00880954 0.0306689 -0.00478156 -0.0193727 -0.0277725 -0.0147215
internal_weight=319.544 315.027 123.556 117.028 82.3983 44.5725 40.2239 6.52821 33.6957 12.4366 21.2591 34.6296 27.6908 22.9628
internal_count=5439 5431 2126 1781 1268 709 540 79 461 131 330 513 224 150
is_linear=0
shrinkage=0.05


Tree=32
num_leaves=15
num_cat=0
split_feature=6 7 0 7 7 7 0 0 1 0 0 0 7 0
split_gain=2.19429 1.69346 7.67375 1.3082 1.08222 5.66662 5.2065 6.16364 3.72526 5.9657 4.08778 3.71825 3.12457 3.01927
threshold=1.3887326388888892 0.17424242424242428 70.500000000000014 0.66491228070175445 0.71231060606060626 0.59748178650617689 76.500000000000014 79.500000000000014 0.00094328703703703708 61.500000000000007 90.500000000000014 91.500000000000014 0.58500602167804105 56.500000000000007
decision_type=2 2 2 2 2 2 2 2 2 2 2 2 2 2
left_child=1 2 -1 -2 5 12 -7 -8 9 13 -10 -12 -3 -6
right_child=3 4 -4 -5 8 6 7 -9 10 -11 11 -13 -14 -15
leaf_value=-0.058537027274586317 0.049144167394283803 0.00020959968542276538 0.041621527709566945 -0.0017369340849289327 0.0059858920726264635 -0.037067646593174436 0.037329631959704235 -0.024620294385608095 -0.052296598360455686 0.055541824273969156 0.04528911026022165 -0.040963491136506443 0.031523036513144004 -0.05182103168049236
leaf_weight=4.2809242170769712 2.5834168791770926 183.10092864223407 2.1260793642140925 1.8489167392253874 68.898241066839546 18.903096871101297 6.070268453564494 8.2985120569355768 4.5875836415216318 5.1695948238484553 2.2537802704609935 1.0875370893627403 7.3296022801659992 1.3397398709785182
leaf_count=224 4 3243 16 4 468 650 63 272 234 30 16 47 129 39
internal_value=2.93221e-10 -0.000544308 -0.0241687 0.0315068 2.55222e-05 -0.00178726 -0.0205055 0.00227724 0.00485511 0.00837386 -0.0257998 0.0142464 0.00157322 0.00417131
internal_weight=317.878 313.446 6.407 4.43233 307.039 223.702 33.2719 14.3688 83.3365 75.4076 7.9289 3.34132 190.431 70.238
internal_count=5439 5431 240 8 5191 4357 985 335 834 537 297 63 3372 507
is_linear=0
shrinkage=0.05


Tree=33
num_leaves=15
num_cat=0
split_feature=6 7 6 6 6 6 6 6 6 6 3 7 7 7
split_gain=2.23976 1.93108 6.44661 5.60326 4.0713 6.9096 6.01127 7.01453 6.57998 12.2157 6.3428 2.97598 5.84756 4.65366
threshold=1.3887326388888892 0.71231060606060626 0.046302083333333334 0.046290509259259267 0.034728009259259264 0.034716435185185197 0.023153935185185191 0.023142361111111114 0.011579861111111112 0.011568287037037038 1.0000000180025095e-35 0.59748178650617689 0.6453654552878727 0.58500602167804105
decision_type=2 2 2 2 2 2 2 2 2 2 2 2 2 2
left_child=1 2 3 4 5 6 7 8 9 10 11 13 -13 -1
right_child=-2 -3 -4 -5 -6 -7 -8 -9 -10 -11 -12 12 -14 -15
leaf_value=-0.0018160560220131577 0.03272903024752153 0.006035330576609552 -0.036240204880857753 0.044610241481144682 -0.043148665999723744 0.045212240102828288 -0.045279551463840897 0.045179348601781459 -0.046467361985774072 0.049468332683955618 -0.048674978390375587 -0.069639233142084131 -0.0043292149473081569 0.03907852121216128
leaf_weight=138.72176893614233 4.1427278518676749 81.424779421882704 12.627200231654568 5.5946865677833548 4.8989192051812998 6.7844399958848944 6.9971048296429208 6.8816702812910071 7.3105068169534198 10.269342064857481 6.6865787830320178 3.64947038330138 13.612365549430249 6.3212518095970145
leaf_count=841 8 834 594 23 524 38 810 41 808 43 667 63 123 22
internal_value=-3.38972e-10 -0.000538131 -0.00287773 -0.000786021 -0.00218697 -0.00101609 -0.0027974 -0.00103589 -0.00297231 -0.000950584 -0.00428744 -0.00217192 -0.0211942 0.000221586
internal_weight=315.923 311.78 230.355 217.728 212.133 207.234 200.45 193.453 186.571 179.261 168.991 162.305 17.2618 145.043
internal_count=5439 5431 4597 4003 3980 3456 3418 2608 2567 1759 1716 1049 186 863
is_linear=0
shrinkage=0.05


Tree=34
num_leaves=15
num_cat=0
split_feature=6 6 6 6 6 6 6 0 0 6 0 6 6 6
split_gain=2.11328 3.68145 3.8319 4.72297 1.17647 7.39119 3.22329 3.40333 3.16122 2.51926 4.0236 2.0118 1.29918 10.9132
threshold=1.377146990740741 1.376059027777778 1.2730266203703706 1.2724826388888892 1.1572743055555559 1.1567997685185187 1.2720312500000002 2.5000000000000004 5.5000000000000009 1.272146990740741 10.500000000000002 1.1573784722222225 0.011568287037037038 0.011579861111111112
decision_type=2 2 2 2 2 2 2 2 2 2 2 2 2 2
left_child=1 2 3 4 5 12 7 11 -8 10 -10 -6 -1 -14
right_child=-2 -3 -4 -5 6 -7 8 -9 9 -11 -12 -13 13 -15
leaf_value=-0.0020775354028003093 0.022813061505398479 -0.045537772348029922 0.03447127694683233 -0.051921146116328226 -0.017817459707835308 -0.059644278459399069 -0.053865657358987212 0.051978986216971383 -0.061240140745102215 0.022523827688226805 0.03076994731604284 0.033572007318243786 0.049539850208741132 -0.0030925523620799608
leaf_weight=191.28326794260647 8.8311648946255428 3.5181247871369115 6.8230134043842545 3.4817005842924109 4.3037776350975054 4.2940287289675316 1.9409616235643614 5.7568138912320137 1.8991707600653154 6.216448837891221 1.2142323590815067 1.9719129540026186 10.875694915652273 57.13680029171519
leaf_count=1911 36 150 10 115 4 142 24 12 15 34 3 8 49 2926
internal_value=2.32008e-10 -0.000743345 -6.21519e-05 -0.000989114 -0.000192807 -0.00115917 0.0103359 0.0273536 -0.00858041 0.00514318 -0.0265993 0.000724775 3.47826e-05 0.00591964
internal_weight=309.547 300.716 297.198 290.375 286.893 263.59 23.3033 12.0325 11.2708 9.32985 3.1134 6.27569 259.296 68.0125
internal_count=5439 5403 5253 5243 5128 5028 100 24 76 52 18 12 4886 2975
is_linear=0
shrinkage=0.05


Tree=35
num_leaves=15
num_cat=0
split_feature=6 7 6 6 6 6 6 6 6 6 3 3 7 7
split_gain=1.91684 1.39958 6.27366 4.96067 3.80395 6.0916 5.50647 6.14189 5.92735 10.231 6.02121 2.91004 2.54097 3.22376
threshold=1.3887326388888892 0.71231060606060626 0.046302083333333334 0.046290509259259267 0.034728009259259264 0.034716435185185197 0.023153935185185191 0.023142361111111114 0.011579861111111112 0.011568287037037038 1.0000000180025095e-35 4.5000000000000009 0.6684397163120569 0.68989800874210794
decision_type=2 2 2 2 2 2 2 2 2 2 2 2 2 2
left_child=1 2 3 4 5 6 7 8 9 10 12 -4 -1 -14
right_child=-2 -3 11 -5 -6 -7 -8 -9 -10 -11 -12 -13 13 -15
leaf_value=-0.00020737176010282032 0.030953249034442316 0.0051843190202931193 -0.043982584217467598 0.043852522909327507 -0.042507366635703293 0.044545969267677371 -0.044620393748374204 0.044492765425905162 -0.045729944735916711 0.048517538245103964 -0.048125437063014476 0.023971252746425403 -0.065481389991287414 0.0063009123616997358
leaf_weight=155.41619078116491 3.9216266274452201 78.797579439822584 10.942090155091133 5.1402066349983206 4.5713260653428724 6.2017634361982337 6.3886065213009706 6.2602195739746085 6.5662827882915726 9.0336001664400083 6.2217250106623387 1.1715845069848008 2.4044613894075146 2.5980116222053766
leaf_count=990 8 834 587 23 524 38 810 41 808 43 667 7 37 22
internal_value=8.56651e-10 -0.000503248 -0.00252789 -0.00043837 -0.00175219 -0.000619963 -0.0022773 -0.000614331 -0.00239818 -0.00052887 -0.00346124 -0.0360836 -0.00144156 -0.0333626
internal_weight=305.635 301.714 222.916 210.802 205.662 201.091 194.889 188.5 182.24 175.674 166.64 12.1137 160.419 5.00247
internal_count=5439 5431 4597 4003 3980 3456 3418 2608 2567 1759 1716 594 1049 59
is_linear=0
shrinkage=0.05


Tree=36
num_leaves=15
num_cat=0
split_feature=6 6 6 6 6 6 6 0 0 7 7 7 2 7
split_gain=1.78152 3.19401 3.48899 4.85631 1.29843 6.29678 2.31579 2.69818 1.57519 1.41221 1.06712 4.53818 3.91161 4.02225
threshold=1.377146990740741 1.376059027777778 1.2730266203703706 1.2724826388888892 1.1572743055555559 1.1567997685185187 1.2720312500000002 5.5000000000000009 2.5000000000000004 0.98888888888888904 0.55028089887640463 0.53045763760049491 1.7361111111111114e-05 0.56691542288557228
decision_type=2 2 2 2 2 2 2 2 2 2 2 2 2 2
left_child=1 2 3 4 5 10 8 -8 -6 -9 11 -1 -12 -14
right_child=-2 -3 -4 -5 6 -7 7 9 -10 -11 12 -13 13 -15
leaf_value=-0.00092028083366960372 0.021331217096045612 -0.044005658910742172 0.033232020644818054 -0.051701417330521082 0.0050471294133849192 -0.056886948036160151 -0.049205321170638978 -0.031721319951555478 0.042648556576691157 0.016071428941456273 0.0092655411706918621 -0.04489895133005381 0.024400977267357751 -0.022906860898160724
leaf_weight=143.61788691760739 8.480455005541442 3.1951691266149274 6.6614196104928842 3.6387485908344379 5.3030471317470091 3.9621234636288127 1.7143966611474741 0.93988729873671939 5.6704088598489761 7.2068904619663954 79.255668526981026 5.1180748206097624 4.8350754824932691 20.016234002076089
leaf_count=2541 36 150 10 115 12 142 24 31 12 21 1589 225 57 474
internal_value=2.64525e-10 -0.000692247 -6.0976e-05 -0.000964377 -0.000116254 -0.00110737 0.0115914 -0.00581908 0.0264164 0.0076924 -1.26315e-05 -0.00272336 0.0038492 -0.0131148
internal_weight=299.615 291.135 287.94 281.278 277.64 256.805 20.8346 9.86117 10.9735 8.14678 252.843 148.736 104.107 24.8513
internal_count=5439 5403 5253 5243 5128 5028 100 76 24 52 4886 2766 2120 531
is_linear=0
shrinkage=0.05


Tree=37
num_leaves=15
num_cat=0
split_feature=6 7 3 7 6 7 1 0 7 7 0 7 6 7
split_gain=1.64783 1.76744 5.11608 2.91451 3.44359 2.31127 4.7338 9.90762 7.28605 4.72534 3.0742 3.4083 2.78886 2.23273
threshold=1.3887326388888892 0.49242250287026412 3.5000000000000004 0.48701079622132259 0.011568287037037038 0.51266025641025648 0.00085069444444444461 81.500000000000014 0.49324200913242017 0.52198067632850254 87.500000000000014 0.50263157894736854 0.011568287037037038 0.5240998838559815
decision_type=2 2 2 2 2 2 2 2 2 2 2 2 2 2
left_child=1 2 3 -1 -5 6 -3 8 -8 12 11 -9 -7 -11
right_child=-2 5 -4 4 -6 9 7 10 -10 13 -12 -13 -14 -15
leaf_value=-0.00094568286371967422 0.029314198471465915 0.042429502078540265 -0.048567553479963804 -0.06693062007602027 0.016382009519766403 -0.066685836627149581 0.038514235572582128 -0.030128350966109187 -0.062858912806212919 0.045775385669987949 -0.028883794232325222 0.060702971869999484 0.0075816794407785066 0.001162184099771085
leaf_weight=105.83822998718824 3.7189682126045218 9.4449610454030353 5.4503173406701526 2.5650363760069008 1.3981455038301644 3.0574201790150246 1.6289182417094688 0.59603423019871105 5.9221215425059199 1.8596481261774886 0.83078685170039523 5.7838257495313883 1.5642233514226971 149.91530391143169
leaf_count=1698 8 107 345 32 51 73 22 27 160 20 25 39 80 2752
internal_value=3.22474e-10 -0.000465994 -0.0052785 -0.00271078 -0.0401605 0.00261726 0.0166679 -0.00146138 -0.0390439 0.000350462 0.0378572 0.0492845 -0.0446722 0.00200486
internal_weight=299.574 295.855 115.252 109.801 3.96318 180.603 24.2066 14.7617 7.55104 156.397 7.21065 6.37986 4.62164 151.775
internal_count=5439 5431 2126 1781 83 3305 380 273 182 2925 91 66 153 2772
is_linear=0
shrinkage=0.05


Tree=38
num_leaves=15
num_cat=0
split_feature=7 7 7 1 0 7 6 2 7 0 2 7 0 6
split_gain=1.87981 4.55117 2.84718 6.23916 4.38899 2.74177 2.8489 2.80052 2.47354 3.93938 3.31146 3.84584 2.42389 3.59561
threshold=0.4770979020979022 0.47156334231805935 0.51266025641025648 0.00067708333333333346 59.500000000000007 0.55028089887640463 0.011568287037037038 1.7361111111111114e-05 0.55618686868686884 71.500000000000014 1.7361111111111114e-05 0.56982995748937249 30.000000000000004 1.3887326388888892
decision_type=2 2 2 2 2 2 2 2 2 2 2 2 2 2
left_child=1 12 3 -2 -5 6 7 -4 9 -7 11 -10 13 -1
right_child=2 -3 5 4 -6 8 -8 -9 10 -11 -12 -13 -14 -15
leaf_value=-0.043367611362087978 0.051033407575131057 -0.05538678308526121 -0.06250967881332066 -0.054162069267618823 0.0095644777464384389 -0.032547535196020702 0.0098138411844468816 -0.0078438666089813962 -0.040930071140112462 0.034890625294884528 -0.017033657188294384 0.0054192188537935115 -0.0008641803388712661 0.034622846509054082
leaf_weight=6.2029088989365837 8.1630686430726183 3.3813688824884585 3.9968015928752703 1.9810792859643722 28.24155487283133 1.8534664604812849 4.6364793032407752 5.0370243333745748 3.676191270351409 10.130850181914864 22.794938015402295 106.49393704347312 90.516056401829701 1.0611779689788816
leaf_count=266 78 89 169 95 458 45 239 79 143 46 516 1693 1521 2
internal_value=-1.46528e-10 -0.00550859 0.00284217 0.0148745 0.00378632 -0.000144569 -0.0207485 -0.0358489 0.00192745 0.0227574 -0.000105837 0.00351836 -0.00324048 -0.0291634
internal_weight=298.167 101.162 197.005 38.3857 30.2226 158.62 13.6703 9.03383 144.949 11.9843 132.965 110.17 97.7801 7.26409
internal_count=5439 1878 3561 631 553 2930 487 248 2443 91 2352 1836 1789 268
is_linear=0
shrinkage=0.05


Tree=39
num_leaves=15
num_cat=0
split_feature=6 7 3 7 1 0 0 0 7 7 7 0 7 0
split_gain=1.54664 1.47238 4.37006 2.94571 3.82876 2.86997 9.55527 3.28858 2.82773 3.05681 2.52992 2.49128 2.00969 2.75353
threshold=1.3887326388888892 0.4770979020979022 3.5000000000000004 0.51266025641025648 0.00067708333333333346 81.500000000000014 69.500000000000014 59.500000000000007 0.50263157894736854 0.4806443556443557 0.47156334231805935 87.500000000000014 0.55028089887640463 83.500000000000014
decision_type=2 2 2 2 2 2 2 2 2 2 2 2 2 2
left_child=1 2 10 4 -3 6 7 -6 9 -7 -1 -10 13 -5
right_child=-2 3 -4 12 5 8 -8 -9 11 -11 -12 -13 -14 -15
leaf_value=-0.0011007425857477377 0.028860365080932562 0.042091852743958907 -0.047116171470080515 -0.030592852760631117 -0.042113055680140489 0.03296508925282176 -0.067076541158776204 0.022459743650869748 0.047431950083085823 -0.033591078933007563 -0.043948021445278186 -0.025481552428806634 0.00074968508303772117 0.019130963362121008
leaf_weight=90.882688824553043 3.5712456405162802 8.4188506308710185 4.9100046557141459 10.273712218739091 1.3808490792289436 1.993437822908162 3.9969115525018415 11.964020572253501 7.3932681814767403 3.11759969801642 2.5836480371654025 0.7202591923996805 142.85163241811097 2.9407526841387144
leaf_count=1447 8 77 343 419 95 17 146 145 39 95 86 16 2438 68
internal_value=2.24237e-11 -0.000448082 -0.00540461 0.00206661 0.0141758 0.0053971 -0.00786575 0.0133082 0.0221194 -0.00648592 -0.00273784 0.0388734 -0.00102926 -0.0189599
internal_weight=296.999 293.428 98.3763 195.051 38.9852 30.5663 17.3418 13.3449 13.2246 5.11104 93.4663 8.11353 156.066 13.2145
internal_count=5439 5431 1876 3555 630 553 386 240 167 112 1533 55 2925 487
is_linear=0
shrinkage=0.05


end of trees

feature_importances:
item_age_days=346
user_genre_affinity=106
item_popularity_all_time=52
user_interaction_count=45
user_days_since_last_interaction=6
user_days_active=5

parameters:
[boosting: gbdt]
[objective: lambdarank]
[metric: ndcg]
[tree_learner: serial]
[device_type: cpu]
[data_sample_strategy: bagging]
[data: ]
[valid: ]
[num_iterations: 40]
[learning_rate: 0.05]
[num_leaves: 15]
[num_threads: 1]
[seed: 42]
[deterministic: 1]
[force_col_wise: 0]
[force_row_wise: 1]
[histogram_pool_size: -1]
[max_depth: -1]
[min_data_in_leaf: 2]
[min_sum_hessian_in_leaf: 0.001]
[bagging_fraction: 1]
[pos_bagging_fraction: 1]
[neg_bagging_fraction: 1]
[bagging_freq: 0]
[bagging_seed: 400]
[bagging_by_query: 0]
[feature_fraction: 1]
[feature_fraction_bynode: 1]
[feature_fraction_seed: 30056]
[extra_trees: 0]
[extra_seed: 12879]
[early_stopping_round: 0]
[early_stopping_min_delta: 0]
[first_metric_only: 0]
[max_delta_step: 0]
[lambda_l1: 0]
[lambda_l2: 1]
[linear_lambda: 0]
[min_gain_to_split: 0]
[drop_rate: 0.1]
[max_drop: 50]
[skip_drop: 0.5]
[xgboost_dart_mode: 0]
[uniform_drop: 0]
[drop_seed: 17869]
[top_rate: 0.2]
[other_rate: 0.1]
[min_data_per_group: 100]
[max_cat_threshold: 32]
[cat_l2: 10]
[cat_smooth: 10]
[max_cat_to_onehot: 4]
[top_k: 20]
[monotone_constraints: ]
[monotone_constraints_method: basic]
[monotone_penalty: 0]
[feature_contri: ]
[forcedsplits_filename: ]
[refit_decay_rate: 0.9]
[cegb_tradeoff: 1]
[cegb_penalty_split: 0]
[cegb_penalty_feature_lazy: ]
[cegb_penalty_feature_coupled: ]
[path_smooth: 0]
[interaction_constraints: ]
[verbosity: -1]
[saved_feature_importance_type: 0]
[use_quantized_grad: 0]
[num_grad_quant_bins: 4]
[quant_train_renew_leaf: 0]
[stochastic_rounding: 1]
[linear_tree: 0]
[max_bin: 255]
[max_bin_by_feature: ]
[min_data_in_bin: 3]
[bin_construct_sample_cnt: 200000]
[data_random_seed: 175]
[is_enable_sparse: 1]
[enable_bundle: 1]
[use_missing: 1]
[zero_as_missing: 0]
[feature_pre_filter: 1]
[pre_partition: 0]
[two_round: 0]
[header: 0]
[label_column: ]
[weight_column: ]
[group_column: ]
[ignore_column: ]
[categorical_feature: ]
[forcedbins_filename: ]
[precise_float_parser: 0]
[parser_config_file: ]
[objective_seed: 16083]
[num_class: 1]
[is_unbalance: 0]
[scale_pos_weight: 1]
[sigmoid: 1]
[boost_from_average: 1]
[reg_sqrt: 0]
[alpha: 0.9]
[fair_c: 1]
[poisson_max_delta_step: 0.7]
[tweedie_variance_power: 1.5]
[lambdarank_truncation_level: 30]
[lambdarank_norm: 1]
[label_gain: ]
[lambdarank_position_bias_regularization: 0]
[eval_at: 10]
[multi_error_top_k: 1]
[auc_mu_weights: ]
[num_machines: 1]
[local_listen_port: 12400]
[time_out: 120]
[machine_list_filename: ]
[machines: ]
[gpu_platform_id: -1]
[gpu_device_id: -1]
[gpu_device_id_list: ]
[gpu_use_dp: 0]
[num_gpu: 1]

end of parameters

pandas_categorical:null
